%YAML:1.0
---
door1:
   x1: 13.2792825699
   y1: -1.2725169658
   x2: 11.6092596054
   y2: -1.22465574741
...
---
door2:
   x1: 4.39045000076
   y1: -1.24136781693
   x2: 3.63266634941
   y2: -0.708517074585
...
---
door3:
   x1: 1.4828400611877441e+00
   y1: 6.2686991691589355e-01
   x2: 1.4126993417739868e+00
   y2: -4.2244702577590942e-01

