%YAML:1.0
---
door1:
   x1: 13.2792825699
   y1: -1.2725169658
   x2: 11.6092596054
   y2: -1.22465574741
...
---
door2:
   x1: 4.39045000076
   y1: -1.24136781693
   x2: 3.63266634941
   y2: -0.708517074585
